677000
527000
565000
669000
144000
433000
721000
577000
472000
359000
411000
455000
585000
496000
163000
299000
455000
350000
595000
1063000
379000
180000
380000
198000
331000
426000
496000
482000
580000
913000
608000
462000
405000
522000
544000
572000
387000
505000
539000
244000
634000
427000
431000
360000
677000
780000
755000
285000
759000
426000
391000
422000
784000
716000
436000
311000
543000
351000
411000
366000
821000
829000
476000
483000
501000
470000
408000
645000
612000
573000
490000
254000
222000
658000
355000
1043000
603000
413000
727000
543000
586000
609000
507000
357000
312000
534000
899000
825000
697000
779000
461000
680000
487000
305000
288000
247000
146000
249000
274000
399000
276000
325000
554000
631000
367000
1686000
826000
742000
1003000
369000
630000
388000
235000
227000
327000
476000
752000
467000
264000
265000
217000
236000
315000
210000
326000
413000
486000
577000
515000
552000
537000
518000
482000
998000
1857000
1667000
1426000
1308000
752000
949000
645000
256000
158000
167000
122000
77000
76000
128000
158000
28000
