1765000
1231000
1445000
1756000
331000
1043000
1851000
1473000
1120000
859000
803000
1071000
1446000
1344000
377000
736000
1117000
864000
1414000
2595000
955000
447000
961000
565000
868000
1119000
1453000
1286000
1406000
2268000
1400000
1125000
1004000
1246000
1285000
1372000
1002000
1204000
1310000
700000
1593000
1089000
1089000
1043000
1674000
1839000
1751000
759000
1882000
1101000
1022000
1052000
1795000
1658000
1113000
780000
1386000
910000
1083000
1038000
2143000
1903000
1118000
1153000
1269000
1166000
1036000
1659000
1504000
1366000
1307000
756000
616000
1514000
860000
3201000
1411000
948000
1695000
1296000
1337000
1497000
1213000
844000
737000
1376000
2258000
2084000
1716000
1918000
1193000
1837000
1284000
739000
688000
583000
378000
590000
663000
944000
752000
793000
1328000
1525000
863000
3905000
2188000
1785000
2363000
901000
1480000
881000
517000
550000
831000
1358000
2160000
1271000
641000
687000
613000
609000
792000
630000
1031000
1163000
1351000
1551000
1563000
1513000
1564000
1454000
1177000
1611000
2270000
2124000
2062000
2028000
2190000
1976000
1604000
965000
671000
587000
463000
318000
353000
543000
645000
100000
