8444000
8970000
9409000
7106000
3707000
10135000
13626000
9621000
5522000
3901000
4471000
6506000
8832000
7963000
4419000
7781000
8011000
6799000
9334000
13938000
5914000
3997000
6289000
5897000
7367000
7123000
10532000
8640000
8270000
13080000
8103000
7103000
6332000
7361000
7697000
8306000
7026000
7274000
8283000
6385000
9779000
7900000
7677000
8543000
9926000
9490000
10142000
5740000
11303000
7109000
6759000
6664000
9735000
8745000
7363000
6167000
9728000
6433000
7601000
7253000
12378000
10477000
7078000
6716000
8726000
7429000
6630000
10435000
9038000
7464000
10039000
5992000
4940000
8246000
5437000
17510000
9064000
5946000
9585000
7716000
7893000
9396000
7484000
5731000
5454000
8629000
12019000
11571000
10381000
10362000
8991000
11340000
8486000
5164000
4736000
4074000
3430000
4627000
5428000
7020000
6910000
6521000
8581000
6776000
5870000
19408000
12978000
10361000
12137000
6099000
8322000
4998000
3066000
4129000
6647000
12152000
13519000
7525000
4810000
4922000
5918000
5220000
5914000
5665000
8845000
8805000
9722000
10768000
9803000
10239000
10765000
9555000
8144000
10181000
11384000
7636000
7835000
9156000
11984000
12872000
10772000
7814000
5593000
4162000
3971000
3020000
3880000
5143000
5771000
789000
