6374000
3606000
4593000
3070000
1421000
5140000
7076000
4754000
2798000
1896000
2028000
3130000
4348000
3986000
1666000
3424000
3966000
3208000
4712000
7650000
2766000
1552000
2924000
2187000
3308000
3657000
4915000
4215000
4403000
7712000
4355000
3553000
3136000
3729000
3927000
4171000
3457000
3732000
4222000
2458000
5062000
3775000
3551000
3779000
5383000
5240000
5363000
2625000
6063000
3535000
3176000
3148000
5069000
4586000
3592000
3066000
5528000
3150000
3573000
3164000
7029000
5539000
3480000
3402000
4524000
3782000
3237000
5471000
4900000
3937000
4992000
2717000
2094000
4200000
2476000
15079000
4628000
2469000
4302000
3348000
3507000
4386000
3389000
2502000
2302000
4194000
6165000
6044000
5459000
5382000
4524000
5719000
4352000
2585000
2350000
1741000
1226000
1793000
2264000
2868000
2278000
2838000
3787000
3179000
2668000
11252000
6974000
5255000
6488000
2846000
4296000
2458000
1478000
1817000
3047000
6322000
7337000
3706000
2148000
2112000
2166000
2247000
2563000
2168000
3971000
4534000
5303000
5707000
5037000
5152000
5425000
4499000
3777000
4993000
4612000
4087000
4161000
4679000
6161000
6051000
5196000
3798000
2729000
2041000
1831000
1229000
1490000
2193000
2527000
368000
