22434035
20626633
21751126
17875926
12887717
23933727
30165480
23660622
13371964
10627605
13074517
17703899
22364302
19659981
18587524
20750927
19080221
17757320
21908906
28929022
16852080
13752136
17456574
16683374
18902339
16459025
25277106
22095654
19666594
28612749
19173337
17496697
15956460
17946937
18753864
20600168
16756643
17474139
20388362
18987171
24028290
21556652
21266810
23656730
22749459
20712223
24790628
17158117
27342668
18824994
17769654
17771435
23048743
20882922
18895976
16381432
21695461
15684200
20041319
19893111
26479541
23282215
18243602
17121693
20824303
18670802
17122771
24144505
20039775
18153927
24758186
16411690
14304677
21354832
15548330
36032953
21461241
15796411
23139151
19753649
20676466
22393443
19294837
16162980
17079755
19522233
26453943
25454630
23532025
23175801
21320958
26270181
20168929
15553061
12317857
12877167
12715674
15718556
16393269
21329678
23868368
17641849
22891790
16860962
14970897
38567071
30311396
25402185
27383736
17620734
21138109
12109877
7911064
11508467
17532637
27398817
29773496
17864757
13621074
13866067
21360807
15534248
16486442
17284087
23469229
20612175
23611322
25583625
23646470
24044785
23976883
22074403
19751388
23073645
21175308
12885278
13335007
18032228
30080898
30384853
26419987
22178867
17039392
13581048
13548779
15198111
19105541
20300486
20774693
